1.3965454899
10.148102603
15.311121999
2.1021210401
2.211606511
2.2747952684
2.3873413612
2.6832904188
2.7408197434
2.7560019598
2.8070390332
3.0115492915
3.0510340489
3.0622243998
3.0896473049
3.1070374398
3.1070374398
3.2153356198
3.5385704176
3.5484271597
3.6121512769
3.6746692798
3.6746692798
3.6746692798
3.7913254474
3.821656051
3.8496535312
3.8996490316
3.9808917197
4.0059287746
4.1340029397
4.2819675641
4.3711752217
4.4096031357
4.491262453
4.5267665041
4.5593459089
4.593064402
4.7120759132
4.7444519565
4.7634601775
4.8995590397
5.0526702597
5.083341382
5.1753277034
5.1924674605
5.5120039196
5.6051867939
5.6533373535
5.6962353063
5.6969622734
5.7222235377
5.8182263596
5.8182263596
5.8734467996
5.8976173626
6.0251334137
6.0868241995
6.1030132288
6.2704201181
6.4245873501
6.6546249644
6.7368936796
6.8043109748
6.8488459695
7.232505774
7.3493385595
7.3493385595
7.3961922662
7.4751218601
7.5191252589
7.5636942675
7.9617834395
8.5742283195
8.9171974522
8.9303302909
9.3927030438
9.7991180794
0.4258112592
0.91121985
1.1961364792
1.6331863466
12.312036247
2.1963540523
2.4566932908
2.5077992981
2.7560019598
2.8100412139
2.8708353748
2.9292202741
2.9856687898
3.0622243998
3.1222680155
3.1756401183
3.2235513438
3.2344745223
3.2678961879
3.4507052379
3.7103456805
3.8947576562
3.8964682412
3.9196472317
4.1449631789
4.2871141597
4.3051584629
4.382633086
4.491262453
4.5933365997
4.6083707763
5.092407612
5.1113311567
5.2057814797
5.2531354652
5.5120039196
5.5120039196
5.5271885034
5.5732484076
5.7263596276
5.9021715073
6.0268480219
6.0504053772
6.1703821656
6.3455414013
6.3805955861
6.4306712396
6.451247451
6.6160240102
6.6494015539
6.7209860203
6.7368936796
6.7803575098
7.1237009722
7.1299553189
7.2831283022
7.6072100879
7.6249387555
7.6555609995
7.6629607191
7.8392944635
2.8784909358
3.3684468398
3.5850431998
3.7945521073
3.9808917197
3.9808917197
4.5495905369
4.5933365997
4.7464478197
4.8932855966
4.948500251
4.9608035277
5.1751592357
5.3725249076
5.4797699786
5.5120039196
5.6927971477
5.8794708476
6.0325820676
6.7924085572
7.0914670311
7.5456271436
8.4211170995
2.5683172385
2.6154650912
4.2441080354
1.4928343949
2.1435570799
2.148204638
2.2456312265
2.8351910828
3.1847133758
3.5498397501
3.5783296357
4.8995590397
6.5486530455
8.2046853071
1.1362041425
1.2132241432
1.4519969798
11.207202495
16.472655392
2.113079965
2.4560771536
2.9034423939
2.9856687898
3.6746692798
3.9705517413
4.1340029397
4.2871141597
4.385411563
4.4402253797
5.2764481966
5.4284887087
5.5120039196
6.4306712396
6.873482106
7.0431161195
7.9141080896
8.1659317328
8.5304822566
0.4747398821
1.1342814763
1.3456535391
1.6193457843
1.7249894352
1.7292561317
1.9200974615
1.9904458599
2.2798842959
2.2845863528
2.3189660503
2.4497795198
2.9200810322
3.0622243998
3.3684468398
3.4198264438
3.6746692798
4.1040120822
4.1082473888
4.5495905369
4.5933365997
4.7356332726
4.8131688299
4.8995590397
5.1366344771
5.1644000689
5.245410266
5.3895149437
5.4082564263
5.7109839017
6.1024447919
6.6494015539
7.9617834395
8.0978823017
0.6757069139
0.6798238733
0.9312027415
1.0070239923
1.0158575361
1.2248897599
1.5923566879
1.7402805332
1.9598236159
1.9780828421
12.248897599
2.1755157785
2.2966682999
2.5022747953
2.578715284
2.6650321136
2.6951029979
2.7522214359
2.8172464478
2.8576690311
2.87054786
2.9200810322
2.9217553906
3.0504291651
3.0622243998
3.1222680155
3.15466891
3.2587764776
3.3523298693
3.4996850283
3.821656051
3.8770423705
3.9156311997
3.9808917197
4.0146689828
4.0312827542
4.0867082732
4.1571268721
4.3871051605
4.5933365997
4.7278219187
4.8995590397
4.9146811355
5.0246057901
5.5120039196
5.5953968535
5.5996360328
5.639596603
5.6491589815
5.7096454945
5.790387956
5.8175870643
5.8182263596
5.8505117926
5.9713375796
5.9713375796
6.1244487996
6.4278618594
6.4861779548
6.5664193315
6.7368936796
6.9107704357
7.0640592439
7.3493385595
7.3807459893
7.6644554272
8.0713228206
8.2680058795
8.8804507594
9.1101856388
9.4222289225
0.6824385805
0.6898296121
1.0919017288
1.2156505914
1.2208649305
1.3339113616
1.5589506035
1.707621113
1.9035068453
1.9610304038
10.100770035
10.411562959
10.770968456
11.008885743
12.535891451
2.2480329712
2.3810941127
2.5332947307
2.562413061
2.564181462
2.7186577598
2.7322228697
2.7560019598
2.7560019598
2.9488086813
2.9856687898
3.0350959689
3.0421142694
3.0622243998
3.0622243998
3.0622243998
3.1790365249
3.1847133758
3.3684468398
3.3760212464
3.3777263077
3.6428749569
3.6746692798
3.7031550881
3.7031550881
3.8277804998
3.9028350194
3.9502694757
4.0873326748
4.1449631789
4.4053672057
4.4585987261
4.5495905369
4.6584903103
4.7035766781
4.7230918709
4.8621578256
5.1366344771
5.5120039196
6.1712956798
6.6148150519
6.7691276206
7.0147871714
7.6555609995
7.6555609995
7.9617834395
7.9617834395
8.0440521547
8.0830288726
8.2680058795
8.3343014593
0.1028907398
0.2813351039
1.5923566879
1.8219184072
1.9819297555
10.924692453
11.15418936
12.786804018
13.087863188
2.1638797429
2.3331233522
2.370754374
2.441729861
2.4497795198
2.5477707006
2.5735057582
2.6265677326
2.6580810648
2.6710499281
2.7014275422
2.7773663161
2.7890079713
2.7997480227
2.915582668
3.0622243998
3.0696032538
3.1429922399
3.2899931568
3.3665046256
3.3684468398
3.3684468398
3.3868201862
3.5092098468
3.5262163064
3.6746692798
3.6746692798
3.7705169035
3.7784734967
3.8277804998
3.9196472317
3.928280816
3.9317449084
3.9439174932
3.9808917197
3.9808917197
3.9808917197
3.9808917197
3.9851788339
4.0143445913
4.0589484201
4.069921247
4.0783344424
4.0904575469
4.1159462046
4.1588421783
4.1739362723
4.3967510941
4.5066698714
4.5495905369
4.5933365997
4.5933365997
4.5933365997
4.5933365997
4.5933365997
4.5933365997
4.6834020232
4.7426855931
4.7574718275
4.8995590397
4.9761146497
4.9806363752
5.1328713749
5.1717567641
5.2037800258
5.2406675804
5.247725439
5.3109505859
5.3737099145
5.3973274524
5.5107716362
5.5120039196
5.6651151396
5.7511753965
5.854252529
5.8644338378
5.9713375796
6.0387341663
6.1244487996
6.1244487996
6.175344496
6.250372046
6.5010264779
6.5327453862
6.5739496289
6.6136220264
6.6656791586
6.7368936796
6.8488459695
7.1513024906
7.3493385595
7.9617834395
8.7273395394
8.8804507594
9.5983722576
9.6096961834
9.6832501291
0.5197900048
0.6687062206
1.0261854211
1.1708505058
1.3054079864
1.3551971812
1.5329546935
1.6939964765
10.294023033
10.615711253
11.005994755
13.178124314
16.780989711
2.1373915274
2.2292993631
2.365304364
2.4035572648
2.4115017148
2.5150747292
2.8221056189
2.8266686767
2.8626637086
2.8662420382
2.9091131798
3.0622243998
3.1154804763
3.1743397166
3.2153356198
3.2663726931
3.2832096658
3.334778404
3.3458078267
3.3463256964
3.3684468398
3.387992953
3.4066626062
3.4616449737
3.5336625529
3.5840825773
3.6746692798
3.768891569
3.8277804998
3.9347810048
3.9439174932
3.9808917197
3.9808917197
32.497400234
4.0087301234
4.0227958431
4.0621344079
4.0727584517
4.0882629884
4.1513954619
4.2099461049
4.2194335602
4.2862898732
4.2871141597
4.2871141597
4.303666724
4.3126326964
4.3162052915
4.4479237092
4.4708476237
4.4795968363
4.5933365997
4.5933365997
4.6545810877
4.7127232653
4.838652919
4.8859415882
4.8995590397
4.8995590397
4.9852787651
4.9927016985
5.0593272692
5.1110293691
5.1408830832
5.1681752151
5.237084218
5.3588926997
5.3744943977
5.5120039196
5.516059846
5.5455208036
5.790387956
5.8087997887
5.8941695247
6.0251334137
6.0661207158
6.1244487996
6.1244487996
6.2953636498
6.361474908
6.4306712396
6.4994150526
6.7368936796
6.7368936796
7.0122129375
7.0147871714
7.1671631745
7.2956581318
7.5564133484
7.593266606
7.6555609995
7.7285931295
7.8340542934
7.9268122092
7.9617834395
8.0492755652
8.2839365266
8.2935244161
8.3698117629
8.5742283195
9.3302149682
9.4773409849
9.5678084251
0.3382370661
0.4152168678
10.044096031
10.068145448
10.110201193
10.166585007
11.024007839
11.198992091
11.222323324
11.45580351
11.636452719
11.758941695
11.903909922
12.065433935
12.926880861
16.229789319
2.1149175711
2.526731791
2.9091131798
3.0622243998
3.1100716561
3.2527248964
3.3188502396
3.8277804998
3.8781215
3.9057805552
3.9196472317
3.9925281725
4.1093075817
4.281637471
4.2871141597
4.4096031357
4.4113344287
4.4541445815
4.5495905369
4.5933365997
4.6954107464
4.7022613602
4.7264965506
4.8042520159
4.8253232967
4.8995590397
4.8995590397
4.9330412199
4.9495545401
4.9761146497
5.0526702597
5.1208114096
5.1412413242
5.2057814797
5.2057814797
5.3453669735
5.3588926997
5.4630560832
5.5120039196
5.5120039196
5.8182263596
5.824426814
5.8494735474
6.050955414
6.1309990122
6.324781237
6.4207930964
6.4306712396
6.4306712396
6.4306712396
6.5837824596
6.7368936796
6.7759859059
7.0041806203
7.0063694268
7.0219867712
7.0431161195
7.259273136
7.3493385595
7.5024497795
7.5081651296
7.6555609995
7.7168054875
7.7257197796
7.8143430054
7.9617834395
8.0842724155
8.1065431384
8.1242688158
8.2680058795
8.4211170995
8.685581934
8.8071085948
8.8532572609
9.0641842234
9.7644513881
9.7991180794
9.9700329296
10.105340519
10.207414666
10.748407643
11.769592911
11.785314427
12.489072062
13.159972627
17.692852088
2.465584549
2.5802075961
2.6329406054
2.9117379436
2.9941749687
3.0622243998
3.0707474896
3.1531815602
3.4909358158
3.5031847134
3.6941119744
3.7111463594
3.7665360118
4.1646251837
4.2871141597
4.8124557679
4.8253232967
4.8737038469
4.8995590397
4.8995590397
5.0271718639
5.0480305257
5.3588926997
5.4140127389
5.4140127389
5.5120039196
5.5120039196
5.5120039196
5.5409263373
5.8182263596
5.8182263596
5.8460647633
5.9620219204
5.9713375796
6.1048818705
6.1244487996
6.1244487996
6.1244487996
6.2738255996
6.3088616795
6.4306712396
6.4306712396
6.5109695683
6.6230764895
6.7572331774
6.8858667585
7.0431161195
7.0431161195
7.0431161195
7.279344859
7.3493385595
7.3738363547
7.4271562443
7.5163689813
7.5569469934
7.6555609995
7.6555609995
7.6555609995
7.6555609995
7.8115611104
8.2680058795
8.4925690021
8.5742283195
8.7172811381
8.8804507594
8.9530094902
9.0474811812
9.1866731994
9.5066070919
9.749122579
9.7991180794
9.8207020399
9.9604204346
10.564674179
13.167564919
3.6557416234
3.6746692798
3.9808917197
4.6976249361
4.9488233445
5.0516143202
5.1345640883
5.2902215545
5.3588926997
5.5547326322
5.5676807269
5.6242178822
5.6617126681
5.8182263596
5.8578418929
6.1197413063
6.5981630714
6.7368936796
6.8287604116
6.915377616
7.3493385595
7.4387465712
7.6555609995
7.8086722195
7.944758956
8.2680058795
8.3079479369
8.3204223332
8.6763024661
8.8192062714
9.1866731994
9.2547226305
3.7284449278
4.5062611032
1.9337918031
18.939639628
2.3810941127
2.9488086813
6.4306712396
1.9935607986
2.0080159999
2.3437284584
3.3011713656
4.2019792599
4.2871141597
4.4293649177
4.556988245
6.8593826556
9.8896829415
0.3184713376
1.070491891
11.163177425
11.889596603
13.525809704
17.233469821
20.614742184
3.2364973331
3.5385704176
3.6860108516
3.7659204286
3.8346814635
3.9374638101
3.9512572901
4.0829658664
4.1033806957
4.3695275868
4.4096031357
4.590577839
4.5933365997
5.2057814797
5.601254681
5.7324840764
6.2556869882
6.2650099196
6.4500524067
6.6668718012
6.8025477707
6.8648929375
7.1202941329
7.9617834395
8.358071303
8.5742283195
9.1866731994
9.3120274146
9.5066070919
9.9029956562
0.8319522925
1.2550594584
11.548960594
12.384996461
13.480268257
2.1435570799
2.2419664736
2.3945213352
2.6539278132
2.6670013492
3.3075658206
3.3790062343
3.4702176457
3.843502877
3.9676661659
4.0829658664
4.0829658664
4.1315200551
4.2314373525
4.4096031357
4.5333998232
4.7784754977
4.9712599037
4.9865906805
5.2057814797
5.397819281
5.7253274172
6.1244487996
6.2309609526
6.7368936796
6.8593826556
7.5661684472
7.9617834395
8.1659317328
8.5742283195
9.2310532632
9.5137068732
9.5466817822
9.7292669322
0.7625370055
1.4329641367
1.6634305382
1.7860773894
10.044974089
10.96849924
11.022862012
13.771733517
15.923566879
2.3161551824
2.5875796178
2.9675738274
3.0622243998
3.1120977614
3.3523298693
3.3843925354
3.434494817
3.6087403692
3.7467216186
4.0041299741
4.0256208402
4.1226063117
4.1539739684
4.1690793283
4.1704579921
4.2690527826
4.4541445815
4.5150366847
4.5933365997
4.8410409621
5.0065363113
5.3323722805
5.3674944536
5.4075133238
5.4830072467
5.4861556861
5.6344928956
5.7382222987
5.7555061008
5.9470638496
5.955155093
5.9710801547
6.1244487996
6.3694267516
6.6144047036
6.7177547771
6.7368936796
6.9715118674
7.0431161195
7.2983014862
7.4641719745
7.6555609995
7.7248869077
7.8937340084
7.9617834395
8.0394370932
8.3369460099
8.5742283195
8.605666168
8.6395404956
9.164642808
10.198499893
10.499055085
12.356393698
14.392454679
16.854050941
2.5376202198
2.5697342412
2.769315979
2.8204103697
28.30856334
3.2497075263
3.2587764776
3.2801680001
3.2812198417
3.3328395793
3.5102051236
3.5454214735
3.5783296357
3.9129584139
3.9808917197
4.0943318394
4.2389124794
4.2871141597
4.3203476028
4.3329433684
4.3866575424
4.5116772824
4.5924179324
4.5933365997
4.5987089232
4.6584903103
4.6834020232
4.7464478197
4.7782646299
4.8348046337
4.8745612895
4.8995590397
4.8995590397
4.9128972222
4.9914982399
5.116005423
5.1309918907
5.2470206048
5.3201708366
5.4373155197
5.5732484076
5.6036012477
5.8168280836
5.8182263596
5.8182263596
5.8182263596
5.8301389031
5.869263433
5.9883499374
5.9916897868
6.0048467692
6.1244487996
6.1433514194
6.3030785563
6.3220116641
6.3694267516
6.4050101413
6.5260519996
6.6450269476
6.6776248202
7.0431161195
7.0836998164
7.1560454928
7.1812164356
7.2243025538
7.3493385595
7.3616490094
7.4641719745
7.5073888511
7.5161162878
7.6555609995
7.8473430204
7.891325179
7.9123313684
8.1148946595
8.1413725396
8.2325924
8.2566643076
8.2680058795
8.3442271855
8.3598726115
8.5742283195
8.9214233896
9.0346478746
9.1866731994
9.1866731994
9.1866731994
9.5694512494
9.5925101681
9.6379483741
9.6926059263
9.7991180794
9.9522292994
1.0424593701
1.3673188018
1.7416401274
10.411562959
10.494250026
10.717785399
10.717785399
10.717785399
11.082335923
11.636452719
11.636452719
11.942675159
12.169229973
12.248897599
12.283894449
12.853238294
13.167564919
13.473787359
13.859400802
15.311121999
15.311121999
15.923566879
2.0414829332
2.1435570799
2.2037420765
2.2781854253
2.2966682999
2.3382623905
2.359046945
2.5294578834
2.6807351648
27.454425653
3.0013005636
3.0622243998
3.1800022613
3.2143846184
3.3113227761
3.3121019108
3.3544069014
3.3641338477
3.3684468398
3.5739561217
3.6746692798
3.7273753796
3.8277804998
3.8512812917
3.8837967998
3.976910828
3.9808917197
4.0167556091
4.0996895417
4.1618413434
4.2091449865
4.2462845011
4.303666724
4.3940855608
4.4960659423
4.5495905369
4.5933365997
4.6044048807
4.649216607
4.6605561597
4.7120759132
4.7491339815
4.8995590397
4.8995590397
4.8995590397
5.09216538
5.103707333
5.1295555665
5.1518684968
5.1886714008
5.1935965033
5.2057814797
5.2057814797
5.2057814797
5.2727042646
5.3674944536
5.4140127389
5.4987856848
5.5120039196
5.5363394778
5.6533373535
5.6617126681
5.6785379658
5.8182263596
5.8593211459
6.0792793291
6.1069503745
6.1244487996
6.2399189988
6.2556869882
6.2605476618
6.3796341663
6.4306712396
6.5639130646
6.5919034945
6.6400396899
6.7254816632
6.7368936796
6.808697562
6.8900048996
6.9107704357
6.9213620774
7.0431161195
7.0431161195
7.0431161195
7.0431161195
7.1266313305
7.1912882679
7.2132396973
7.2255911352
7.237984945
7.3493385595
7.3737874569
7.4535844965
7.5126571942
7.5659710644
7.5687886445
7.621536284
7.6402498775
7.6963906582
7.8392944635
8.1570315347
8.2009786501
8.2680058795
8.4628747049
8.5742283195
8.9082891631
8.9825249061
9.1866731994
9.1866731994
9.7494603864
